# Created by Octave 4.2.1, Thu Oct 04 18:08:21 2018 GMT <unknown@unknown>
# name: theta
# type: matrix
# rows: 901
# columns: 1
 4.845518307803501e-005
 -0.007727566321888198
 -0.02059650920117506
 -0.00581189060924981
 -0.006650228661881256
 -0.002717367297593433
 0.01312433944962751
 0.009116968972645667
 -0.00371033848077572
 0.008267694707263459
 0.007694569524248985
 -0.01410857750256877
 0.003102990270172303
 -0.0005204083278797623
 -0.02224627714294533
 0.01146590975458228
 0.003983917513771127
 0.006139401558963286
 0.01304746060429281
 -0.0006569656360736663
 -0.002562369782693319
 0.004967629584494599
 -0.006672684578440459
 0.006690563430567146
 0.001786110160238448
 0.007104416718290825
 -0.005783010059620989
 0.006533063355523297
 0.007641727217658574
 -0.003235372202751245
 -0.01404534249284419
 -0.003654624140772727
 0.0001400614989211725
 -0.00302403714828648
 0.006404318574047368
 0.005108513538802089
 0.02138143897357657
 0.009096403747507004
 0.008145228271440362
 0.005944460448763808
 0.0004874456125988765
 0.0003535308188155594
 0.003103149583390363
 0.000765612540751778
 -0.001660435569995954
 0.004281311488852417
 0.0009723086565972597
 0.001998411998809379
 0.004673033637030835
 0.006709054018114569
 -0.002940610806831642
 0.01173989980592966
 -0.004880564380233057
 -0.0004693475953164328
 -0.002237360649873175
 0.004599818941868328
 -0.002386837599984511
 -0.01361769586902463
 -0.005227416933953775
 -0.001139497113443443
 -0.005453360486681011
 -0.009225761935358451
 0.02409747858205971
 -0.007049682268657352
 -0.00357664189173521
 -0.00756920805120527
 0.0210868712548471
 0.02121308305234578
 0.005663838113704511
 0.006063029701658742
 0.005057283323545306
 0.004815177188384385
 0.01063658255939556
 -0.005116817425503408
 -0.00155329839443111
 0.001317420329639115
 0.0007544941452049453
 -0.01175263240110604
 0.007240417353081023
 0.003047481215869203
 -0.002436317722824372
 0.004267660988714076
 0.004583280332646069
 0.005293885975155918
 -0.01095952531689356
 0.003000855109560279
 -0.0002329375411049866
 -0.01169998925235459
 -0.01373695837761632
 -0.002845338454964191
 -0.002903159530492313
 0.002237609481829809
 0.001208552543529856
 -0.003536673863686767
 0.01382445080053615
 0.01353633156913827
 0.0233067784045148
 0.0159781562904823
 0.006216155674418003
 0.001886480852564416
 0.01331925637559209
 0.001830036925306369
 0.004282412202408937
 -0.003749182147349332
 -0.01620748222218527
 0.007660977615527412
 -0.02559371955570698
 -0.0009468833641424716
 0.005051989078469609
 0.000680874766692799
 0.0004759648951628713
 -0.004587320108976314
 -0.01255528896661746
 -0.004500511293801791
 0.003093309265989485
 -0.002303408524721533
 0.003532033308745505
 -0.01052911323982893
 0.001677328311474736
 0.007576834397258462
 0.00914356959622167
 0.01310291519784083
 -0.002615718026813882
 0.01909955929255306
 0.007562948792536362
 0.01595384370953913
 0.0259713185676887
 0.04432686453303098
 0.0006486958508867456
 -0.003593948059118542
 0.002029194552447981
 0.004383743635271278
 0.005031280720073424
 0.004581105029045913
 0.00182597677506931
 -0.002276707781825771
 0.0007289813922958849
 -0.002616924507996693
 0.0006294341041987474
 0.001047632095814126
 -0.001537586265821574
 -0.001276128493716764
 -0.004256454733809591
 -0.004498856813544966
 0.00383088163158713
 -0.00408487185821734
 0.006162428898321405
 0.01521043998603106
 0.003442728222700073
 0.007230396788234802
 0.007454793398677986
 0.00747315361406079
 -0.0104439137600559
 0.0156176261178846
 0.01645993172059627
 -0.003589327995439929
 0.02590158001864768
 0.003124181791049143
 0.01272703488372347
 -0.007440140679861262
 0.006394979242071085
 0.001648044570480116
 0.006603222636798758
 0.006072498360582532
 0.0001788885312646699
 -0.002996434242460951
 0.004592774434026062
 0.0004476954014695253
 0.002648944469622982
 0.005667413305637846
 -0.0050543496159716
 0.005695836793552315
 0.005013050469554598
 0.007751079068388344
 0.003150550452200075
 0.006149245483434664
 0.0005239041426364568
 -0.004605522467840834
 0.005415081009087219
 -0.007470673295607243
 -0.008124602296125117
 0.00176197780166383
 -0.005908936136980784
 0.01373732164295878
 0.02108402179028606
 -0.001911692781701636
 0.01850295762042295
 0.006427600243805771
 0.004635296600529432
 0.006305676385939254
 -0.004386754292737436
 0.002306564436008339
 0.009198085175546749
 0.003396665559474306
 -0.001289007705665507
 -0.006759270618722702
 -0.005958398288560771
 -0.002965431473309559
 -0.008857736911144722
 -0.009214711362880712
 0.001724205474263276
 0.003836565977644387
 -0.002394352597954055
 0.003873114072017346
 0.009144676492806073
 0.01755969409852302
 0.001416210409662266
 -0.003178614161552016
 -0.006174656673390108
 -0.009085329874748175
 -0.01316047995444665
 -0.007203973873025665
 0.0005388171754806612
 0.0267821187575639
 0.007411083889061406
 -0.01170316829388047
 0.008047527460631245
 0.01799845132164065
 0.003163500490202934
 0.003926612262456403
 -0.006388776071564176
 -0.004665777069827782
 -0.005242276383093434
 -0.01767491064902434
 0.00884536786984829
 0.00407245968058621
 0.002982703308719856
 -0.003077718372189345
 -0.00620713801419744
 0.009005503223177074
 -0.005638869550006228
 -0.005769250208655883
 -0.0001492353115814459
 -0.00150924836253516
 0.002694896801266119
 -0.005786678452553367
 -0.003212267425073873
 -0.0006888382891780003
 0.0022217548776806
 -0.00149624411590148
 -0.008490663421715269
 -0.02146502743120363
 0.01106537506549961
 0.009564900657432589
 0.007908219574479356
 0.00115760629925656
 0.01859060535528384
 0.02581698912014016
 -0.002422886113623494
 -0.03310459067954134
 -0.002339658774038739
 0.003940112237994826
 -0.01122462663504597
 0.007714147534053211
 0.005184649173765803
 -0.002527540348826884
 -0.0053247496955387
 0.00940180789542994
 0.0003818392254390247
 -0.001558618165754774
 -0.002305513520647231
 -0.007897382799470911
 -0.002606928491092955
 -0.005572333509188257
 0.009564189607396845
 0.007826207541671732
 0.001069779458177722
 -0.003888163037453002
 -0.005733574938244457
 -0.001934929213756147
 -0.006417119199235609
 -0.01525207214084932
 -0.001877754338433088
 0.004916888371927833
 0.0109731408275116
 0.004820432568511631
 0.02194843911563041
 0.003259525405277182
 -0.001478711298950086
 -0.00687790079941106
 -0.004241657114252368
 0.0004080211517107832
 -0.005168048214651417
 0.003843489907863107
 0.00178967368118489
 0.006062139298741187
 0.01567174689893421
 0.01433711908523382
 0.007043683493234526
 -0.00837845773489875
 -0.01362474194142532
 -0.002669398821142491
 0.0131161763821558
 0.007533352338792848
 -0.001703266955399608
 0.01077452915407772
 -0.00119191133377077
 -0.0001505596793532934
 0.003278022891088393
 0.002310233971797952
 0.00477577500145714
 0.0001239646380812355
 0.007180989355688137
 0.00120840064799085
 0.01222335433225806
 0.009429006133915294
 0.01285452211125393
 0.01073521171555804
 0.00415098183758095
 0.000840560052557689
 -0.002824197012747525
 0.002024201799943543
 0.01973483221641861
 -0.003871429224092927
 -0.006172788829972077
 0.01275827613435192
 0.008848302020346021
 -0.004513850151779962
 -0.0006020348129806456
 -0.006466407249584845
 -3.28661392628762e-005
 -0.007659924449254187
 -0.007126867354893505
 -0.006885198512229515
 -0.002830888186099395
 -0.001543731051342128
 0.01870040531529555
 -0.001917926583149178
 0.001661416857683134
 -0.003377534350322117
 0.002364826998577973
 -0.007367532935392202
 -0.004818077354034198
 0.00105559707704723
 0.001118570385909451
 0.0265587073055224
 0.003006201487304717
 0.01142968689832239
 -0.01411789847600145
 -0.01614203618716008
 -0.00436109192987118
 -0.0124427999063192
 -0.0206748743149629
 0.01619457725402187
 -0.009009211184100457
 0.003385632277851236
 0.01311006069462216
 0.001623877013171006
 -0.01024844352225421
 -0.02464858626715664
 -0.01374210288671688
 -0.005920726015794833
 0.0008897673407064348
 -0.009176754396093147
 -0.00896675822050964
